"邮件"|100|0|170|100;
"兵事"|210|0|330|100;
"出征"|330|0|445|100;
"建筑"|445|0|565|100;
"主公"|610|0|720|120;
"VIP"|580|310|613|390;
"资源"|670|600|720|1142;
"商城"|475|1167|580|1270;
"活动"|367|1167|470|1270;
"副本"|261|1167|366|1270;
"任务"|155|1167|260|1270;
"地图"|7|1140|133|1270;
"国家"|0|1006|110|1140;
"军团"|0|871|110|1005;
"背包"|0|736|110|870;
"阵容"|0|600|110|735;
"武将"|0|466|110|600;
"收起"|20|418|63|467;
"展开"|20|1084|67|1142;
"兵力"|542|558|568|360;
"帮助"|200|865|270|1075;
"shouqi"|550|1110|580|1180;
"开战"|55|905|110|1070